lines:
- lname: 16KB
  xs: [1024, 4096, 16384]
  ys: [60.333333333333336, 46.0, 43.666666666666664]
- lname: 64KB
  xs: [1024, 4096, 16384, 65536]
  ys: [20.333333333333332, 11.666666666666666, 8.333333333333334, 8.0]
- lname: 256KB
  xs: [4096, 16384, 65536, 262144]
  ys: [5.0, 2.6666666666666665, 2.0, 2.3333333333333335]
outf: rdma_seg_cpu.B_per_sig.lines.pdf
xlabel: Verb Size (B)
